# Town Portal teleport coordinates
# Format: MapIdx X Y Z Dir LA
# Lines starting with # are comments. MapIdx = Game.MapStats index.
# Default (0 0 0 0 0) = map spawn point.
#
# Jadame (MM8) towns
3 -8 15447 448 512 0
2 10296 -12283 1 0 0
35 -1632 -1630 -2239 776 0
13 2579 -1597 384 512 0
6 -7088 -15860 97 0 0
1 7924 5335 737 897 0
#
# Antagarich (MM7) towns
103 -5121 2107 1 1536 0
65 -15148 -10240 1473 0 0
64 -10519 5375 753 512 0
69 3114 -11055 513 0 0
99 -158 7624 1 512 0
100 -1837 -4247 65 65 0
#
# Enroth (MM6) towns
141 -15079 12878 161 1536 0
144 6991 13438 97 0 0
150 3489 -14582 257 0 0
151 -9705 -6858 161 1536 0
146 13146 -9194 1 0 0
143 -9138 14518 97 0 0
